local DrRayLibrary = loadstring(game:HttpGet("https://raw.githubusercontent.com/AZYsGithub/DrRay-UI-Library/main/DrRay.lua"))()
local window = DrRayLibrary:Load("Tekknoparrot😈", "Default")

local tab = DrRayLibrary.newTab("Thanatophobia", "6684209586")

tab.newButton("God mode", "Makes Monster not Chase able!", function()
    game.Players.LocalPlayer.Character.Humanoid.WalkSpeed = 45
end)

tab.newToggle("Cursed 1", "Toggle! (prints the state)", true, function(toggleState)
    if toggleState then
        game.Players.LocalPlayer.Character.HumanoidRootPart.CFrame = CFrame.new(936.192566, 434.069214, 24.0276432, -0.999933243, -0.00525336247, 0.0102898302, -0.00736445468, 0.976069868, -0.217332467, -0.00890186708, -0.217393741, -0.976043403)
    else
        game.Players.LocalPlayer.Character.HumanoidRootPart.CFrame = CFrame.new(1006.85541, 422.999939, -167.857758, 0.0803235695, 8.71632793e-08, 0.996768832, -5.89092224e-08, 1, -8.26986906e-08, -0.996768832, -5.20762207e-08, 0.0803235695)
    end
end)

tab.newToggle("Cursed 2", "Toggle! (prints the state)", true, function(toggleState)
    if toggleState then
        game.Players.LocalPlayer.Character.HumanoidRootPart.CFrame = CFrame.new(930.47998, 432.556458, 232.335022, 0.615807891, -0.636673808, 0.464141279, -0.0114307934, 0.581807911, 0.813245893, -0.787813425, -0.506108761, 0.351004183)
    else
        game.Players.LocalPlayer.Character.HumanoidRootPart.CFrame = CFrame.new(1006.85541, 422.999939, -167.857758, 0.0803235695, 8.71632793e-08, 0.996768832, -5.89092224e-08, 1, -8.26986906e-08, -0.996768832, -5.20762207e-08, 0.0803235695)
    end
end)

tab.newToggle("Cursed 3", "Toggle! (prints the state)", true, function(toggleState)
    if toggleState then
        game.Players.LocalPlayer.Character.HumanoidRootPart.CFrame = CFrame.new(1040.24072, 437.053955, -452.052551, -0.823876619, 0.032974489, 0.56580919, -0.00232411618, 0.998101175, -0.0615519546, -0.566764474, -0.0520262197, -0.822235584)
    else
        game.Players.LocalPlayer.Character.HumanoidRootPart.CFrame = CFrame.new(1006.85541, 422.999939, -167.857758, 0.0803235695, 8.71632793e-08, 0.996768832, -5.89092224e-08, 1, -8.26986906e-08, -0.996768832, -5.20762207e-08, 0.0803235695)
    end
end)

tab.newToggle("Cursed 4", "Toggle! (prints the state)", true, function(toggleState)
    if toggleState then
        game.Players.LocalPlayer.Character.HumanoidRootPart.CFrame = CFrame.new(886.902832, 441.591278, -614.124756, -0.284953594, 0.382803053, 0.878785133, -0.0149765331, 0.914904237, -0.403393, -0.95842433, -0.12810944, -0.25497219)
    else
        game.Players.LocalPlayer.Character.HumanoidRootPart.CFrame = CFrame.new(1006.85541, 422.999939, -167.857758, 0.0803235695, 8.71632793e-08, 0.996768832, -5.89092224e-08, 1, -8.26986906e-08, -0.996768832, -5.20762207e-08, 0.0803235695)
    end
end)

tab.newToggle("Cursed 5", "Toggle! (prints the state)", true, function(toggleState)
    if toggleState then
        game.Players.LocalPlayer.Character.HumanoidRootPart.CFrame = CFrame.new(779.393616, 434.616669, 88.5229645, -0.991609693, 0.00541804451, -0.129154354, -8.06866041e-08, 0.999121249, 0.0419139005, 0.129267946, 0.0415622406, -0.990738273)
    else
        game.Players.LocalPlayer.Character.HumanoidRootPart.CFrame = CFrame.new(1006.85541, 422.999939, -167.857758, 0.0803235695, 8.71632793e-08, 0.996768832, -5.89092224e-08, 1, -8.26986906e-08, -0.996768832, -5.20762207e-08, 0.0803235695)
    end
end)

tab.newToggle("Cursed 6", "Toggle! (prints the state)", true, function(toggleState)
    if toggleState then
        game.Players.LocalPlayer.Character.HumanoidRootPart.CFrame = CFrame.new(370.828705, 435.600861, 91.6516037, -0.183950678, 0.152164608, 0.971086025, -0.00575215602, 0.987761259, -0.155867159, -0.98291862, -0.0342577063, -0.180824086)
    else
        game.Players.LocalPlayer.Character.HumanoidRootPart.CFrame = CFrame.new(1006.85541, 422.999939, -167.857758, 0.0803235695, 8.71632793e-08, 0.996768832, -5.89092224e-08, 1, -8.26986906e-08, -0.996768832, -5.20762207e-08, 0.0803235695)
    end
end)

tab.newToggle("Cursed 7", "Toggle! (prints the state)", true, function(toggleState)
    if toggleState then
        game.Players.LocalPlayer.Character.HumanoidRootPart.CFrame = CFrame.new(828.955322, 435.324738, -458.143494, 0.0695316344, 0.0845171362, -0.993993044, -8.09723346e-08, 0.996404588, 0.0847221836, 0.997579753, -0.0058907913, 0.0692816451)
    else
        game.Players.LocalPlayer.Character.HumanoidRootPart.CFrame = CFrame.new(1006.85541, 422.999939, -167.857758, 0.0803235695, 8.71632793e-08, 0.996768832, -5.89092224e-08, 1, -8.26986906e-08, -0.996768832, -5.20762207e-08, 0.0803235695)
    end
end)

tab.newToggle("Cursed 8", "Toggle! (prints the state)", true, function(toggleState)
    if toggleState then
        game.Players.LocalPlayer.Character.HumanoidRootPart.CFrame = CFrame.new(717.241699, 437.569183, -381.742767, -0.90611428, -0.0365869589, -0.421447933, 8.55414655e-08, 0.996252954, -0.0864874199, 0.423033059, -0.0783675164, -0.902718961)
    else
        game.Players.LocalPlayer.Character.HumanoidRootPart.CFrame = CFrame.new(1006.85541, 422.999939, -167.857758, 0.0803235695, 8.71632793e-08, 0.996768832, -5.89092224e-08, 1, -8.26986906e-08, -0.996768832, -5.20762207e-08, 0.0803235695)
    end
end)

tab.newToggle("Cursed 9", "Toggle! (prints the state)", true, function(toggleState)
    if toggleState then
        game.Players.LocalPlayer.Character.HumanoidRootPart.CFrame = CFrame.new(806.832214, 444.224792, -113.459717, -0.482370317, 0.120546244, -0.867633283, 0.0098072337, 0.99116689, 0.132257178, 0.875912488, 0.0552878566, -0.479291737)
    else
        game.Players.LocalPlayer.Character.HumanoidRootPart.CFrame = CFrame.new(1006.85541, 422.999939, -167.857758, 0.0803235695, 8.71632793e-08, 0.996768832, -5.89092224e-08, 1, -8.26986906e-08, -0.996768832, -5.20762207e-08, 0.0803235695)
    end
end)

tab.newToggle("Cursed 10", "Toggle! (prints the state)", true, function(toggleState)
    if toggleState then
        game.Players.LocalPlayer.Character.HumanoidRootPart.CFrame = CFrame.new(506.963715, 422.999939, -176.065628, -0.9992764, 5.42472272e-08, -0.0380356386, 5.47911334e-08, 1, -1.32575808e-08, 0.0380356386, -1.53320041e-08, -0.9992764)
    else
        game.Players.LocalPlayer.Character.HumanoidRootPart.CFrame = CFrame.new(1006.85541, 422.999939, -167.857758, 0.0803235695, 8.71632793e-08, 0.996768832, -5.89092224e-08, 1, -8.26986906e-08, -0.996768832, -5.20762207e-08, 0.0803235695)
    end
end)

tab.newToggle("Cursed 11", "Toggle! (prints the state)", true, function(toggleState)
    if toggleState then
        game.Players.LocalPlayer.Character.HumanoidRootPart.CFrame = CFrame.new(501.956573, 422.999908, 169.769547, 0.877067089, 6.60658799e-08, -0.480367959, -6.6518858e-08, 1, 1.60801328e-08, 0.480367959, 1.78501711e-08, 0.877067089)
    else
        game.Players.LocalPlayer.Character.HumanoidRootPart.CFrame = CFrame.new(1006.85541, 422.999939, -167.857758, 0.0803235695, 8.71632793e-08, 0.996768832, -5.89092224e-08, 1, -8.26986906e-08, -0.996768832, -5.20762207e-08, 0.0803235695)
    end
end)

tab.newToggle("Cursed 12", "Toggle! (prints the state)", true, function(toggleState)
    if toggleState then
        game.Players.LocalPlayer.Character.HumanoidRootPart.CFrame = CFrame.new(654.754272, 421.901031, -163.999802, -0.134549305, -0.391970158, 0.910085678, 0.0111749265, 0.917778432, 0.396935552, -0.990843892, 0.0635775402, -0.119106211)
    else
        game.Players.LocalPlayer.Character.HumanoidRootPart.CFrame = CFrame.new(1006.85541, 422.999939, -167.857758, 0.0803235695, 8.71632793e-08, 0.996768832, -5.89092224e-08, 1, -8.26986906e-08, -0.996768832, -5.20762207e-08, 0.0803235695)
    end
end)

tab.newToggle("Cursed 13", "Toggle! (prints the state)", true, function(toggleState)
    if toggleState then
        game.Players.LocalPlayer.Character.HumanoidRootPart.CFrame = CFrame.new(635.458191, 422.999878, 375.844574, 0.00545326155, 6.75950176e-08, -0.999985158, 1.70828454e-08, 1, 6.76891787e-08, 0.999985158, -1.74517183e-08, 0.00545326155)
    else
       game.Players.LocalPlayer.Character.HumanoidRootPart.CFrame = CFrame.new(1006.85541, 422.999939, -167.857758, 0.0803235695, 8.71632793e-08, 0.996768832, -5.89092224e-08, 1, -8.26986906e-08, -0.996768832, -5.20762207e-08, 0.0803235695) 
    end
end)

tab.newToggle("Cursed 14", "Toggle! (prints the state)", true, function(toggleState)
    if toggleState then
        game.Players.LocalPlayer.Character.HumanoidRootPart.CFrame = CFrame.new(662.5354, 424.05838, 156.033447, 0.846205056, 0.227755904, -0.481730461, 0.00411443133, 0.901231706, 0.433318019, 0.532841504, -0.368657947, 0.761689723)
    else
        game.Players.LocalPlayer.Character.HumanoidRootPart.CFrame = CFrame.new(1006.85541, 422.999939, -167.857758, 0.0803235695, 8.71632793e-08, 0.996768832, -5.89092224e-08, 1, -8.26986906e-08, -0.996768832, -5.20762207e-08, 0.0803235695)
    end
end)

tab.newToggle("Cursed 15", "Toggle! (prints the state)", true, function(toggleState)
    if toggleState then
        game.Players.LocalPlayer.Character.HumanoidRootPart.CFrame = CFrame.new(790.263672, 424.012787, -243.391403, -0.696486235, -0.197465748, 0.689865351, -0.0085885739, 0.963615954, 0.267152607, -0.717518747, 0.180143148, -0.672841191)
    else
        game.Players.LocalPlayer.Character.HumanoidRootPart.CFrame = CFrame.new(1006.85541, 422.999939, -167.857758, 0.0803235695, 8.71632793e-08, 0.996768832, -5.89092224e-08, 1, -8.26986906e-08, -0.996768832, -5.20762207e-08, 0.0803235695)
    end
end)
