local DrRayLibrary = loadstring(game:HttpGet("https://raw.githubusercontent.com/AZYsGithub/DrRay-UI-Library/main/DrRay.lua"))() 
local window = DrRayLibrary:Load("Tekknoparrot😈", "Default")

local tab = DrRayLibrary.newTab("Thanatophobia", "6684209586")

tab.newButton("God mode", "Makes Monster not Chase able! (fix speed)", function()
    game.Players.LocalPlayer.Character.Humanoid.WalkSpeed = 60
end)

tab.newToggle("Cursed 1", "Toggle! (prints the state)", true, function(toggleState)
    if toggleState then
    while wait(4) do
        game.Players.LocalPlayer.Character.HumanoidRootPart.CFrame = CFrame.new(936.192566, 434.069214, 24.0276432, -0.999933243, -0.00525336247, 0.0102898302, -0.00736445468, 0.976069868, -0.217332467, -0.00890186708, -0.217393741, -0.976043403)
        end
        game.Players.LocalPlayer.Character.HumanoidRootPart.CFrame = CFrame.new(930.47998, 432.556458, 232.335022, 0.615807891, -0.636673808, 0.464141279, -0.0114307934, 0.581807911, 0.813245893, -0.787813425, -0.506108761, 0.351004183)
    else
    

local tab = DrRayLibrary.newTab("Thanatophobia Other  *Less bug that play*", "6684209586")

tab.newToggle("Kitana 1", "Makes get kitana but u need reset or press reset it", true, function(toggleState)
    if toggleState then
    while wait(4.4) do
        game.Players.LocalPlayer.Character.HumanoidRootPart.CFrame = CFrame.new(159.986023, 15.6947994, 2.50653768, 0.290464044, 7.53330198e-09, 0.956885934, 8.83158346e-09, 1, -1.05535669e-08, -0.956885934, 1.15162493e-08, 0.290464044)
        end
        
    else
        game.Players.LocalPlayer.Character.HumanoidRootPart.CFrame = CFrame.new()
    end
end)

tab.newToggle("Kitana 2", "Makes Get kitana But U need stay or js reset", true, function(toggleState)
    if toggleState then
        game.Players.LocalPlayer.Character.HumanoidRootPart.CFrame = CFrame.new(154.116943, 14.9999962, 73.3758926, 0.999956071, 6.76263667e-09, 0.00937190931, -7.68188269e-09, 1, 9.80492061e-08, -0.00937190931, -9.81168924e-08, 0.999956071)
    else
        game.Players.LocalPlayer.Character.HumanoidRootPart.CFrame = CFrame.new()
    end
end)

tab.newToggle("Light 1", "Toggle! (prints the state)", true, function(toggleState)
    if toggleState then
        game.Players.LocalPlayer.Character.HumanoidRootPart.CFrame = CFrame.new(582.250244, 16.2357693, 616.949585, 0.20016773, 9.01618158e-09, 0.97976166, 1.0354843e-07, 1, -3.03576222e-08, -0.97976166, 1.07529395e-07, 0.20016773)
    else
        game.Players.LocalPlayer.Character.HumanoidRootPart.CFrame = CFrame.new()
    end
end)

tab.newToggle("Light 2", "Toggle! (prints the state)", true, function(toggleState)
    if toggleState then
        game.Players.LocalPlayer.Character.HumanoidRootPart.CFrame = CFrame.new(558.701111, 15.9024734, 682.988403, -0.272285134, -0.304623187, 0.912724257, 0.0247319248, 0.946035147, 0.323118836, -0.961898744, 0.110553883, -0.250057399)
    else
        game.Players.LocalPlayer.Character.HumanoidRootPart.CFrame = CFrame.new()
    end
end)

tab.newToggle("Light 3", "Toggle! (prints the state)", true, function(toggleState)
    if toggleState then
        game.Players.LocalPlayer.Character.HumanoidRootPart.CFrame = CFrame.new(415.331482, 21.6366043, 506.300629, 0.481742293, -0.185894385, 0.856368899, -0.00437348709, 0.976718724, 0.214479327, -0.876302004, -0.107069083, 0.469713718)
    else
        game.Players.LocalPlayer.Character.HumanoidRootPart.CFrame = CFrame.new()
    end
end)

tab.newToggle("Light 4", "Toggle! (prints the state)", true, function(toggleState)
    if toggleState then
        game.Players.LocalPlayer.Character.HumanoidRootPart.CFrame = CFrame.new(560.350647, 15.4098949, 679.464478, -0.990097523, 1.08989431e-08, 0.140381157, 1.9663748e-08, 1, 6.10486808e-08, -0.140381157, 6.32045669e-08, -0.990097523)
    else
        game.Players.LocalPlayer.Character.HumanoidRootPart.CFrame = CFrame.new()
    end
end)

tab.newToggle("exit chp 3 only", "Toggle! (prints the state)", true, function(toggleState)
    if toggleState then
    while wait(2) do
        game.Players.LocalPlayer.Character.HumanoidRootPart.CFrame = CFrame.new(-26.2278881, 10.9999981, -177.41774, 0.0233756416, 6.62177158e-08, -0.999726772, -4.85946927e-09, 1, 6.61221904e-08, 0.999726772, 3.31249317e-09, 0.0233756416)
        end
    else
        game.Players.LocalPlayer.Character.HumanoidRootPart.CFrame = CFrame.new()
    end
end)
