local DrRayLibrary = loadstring(game:HttpGet("https://raw.githubusercontent.com/AZYsGithub/DrRay-UI-Library/main/DrRay.lua"))()
local window = DrRayLibrary:Load("Tekknoparrot😈", "Default")

local tab = DrRayLibrary.newTab("Thanatophobia", "ImageIdHere")

tab.newButton("God mode", "Makes Monster not Chase able!", function()
    
end)

tab.newToggle("Toggle", "Toggle! (prints the state)", true, function(toggleState)
    if toggleState then
        game.Players.LocalPlayer.Character.HumanoidRootPart.CFrame = CFrame.new(936.192566, 434.069214, 24.0276432, -0.999933243, -0.00525336247, 0.0102898302, -0.00736445468, 0.976069868, -0.217332467, -0.00890186708, -0.217393741, -0.976043403)
    else
        game.Players.LocalPlayer.Character.HumanoidRootPart.CFrame = CFrame.new(1006.85541, 422.999939, -167.857758, 0.0803235695, 8.71632793e-08, 0.996768832, -5.89092224e-08, 1, -8.26986906e-08, -0.996768832, -5.20762207e-08, 0.0803235695)
    end
end)

tab.newToggle("Toggle", "Toggle! (prints the state)", true, function(toggleState)
    if toggleState then
        game.Players.LocalPlayer.Character.HumanoidRootPart.CFrame = CFrame.new(930.47998, 432.556458, 232.335022, 0.615807891, -0.636673808, 0.464141279, -0.0114307934, 0.581807911, 0.813245893, -0.787813425, -0.506108761, 0.351004183)
    else
        game.Players.LocalPlayer.Character.HumanoidRootPart.CFrame = CFrame.new(1006.85541, 422.999939, -167.857758, 0.0803235695, 8.71632793e-08, 0.996768832, -5.89092224e-08, 1, -8.26986906e-08, -0.996768832, -5.20762207e-08, 0.0803235695)
    end
end)

tab.newToggle("Toggle", "Toggle! (prints the state)", true, function(toggleState)
    if toggleState then
        game.Players.LocalPlayer.Character.HumanoidRootPart.CFrame = CFrame.new(1040.24072, 437.053955, -452.052551, -0.823876619, 0.032974489, 0.56580919, -0.00232411618, 0.998101175, -0.0615519546, -0.566764474, -0.0520262197, -0.822235584)
    else
        game.Players.LocalPlayer.Character.HumanoidRootPart.CFrame = CFrame.new(1006.85541, 422.999939, -167.857758, 0.0803235695, 8.71632793e-08, 0.996768832, -5.89092224e-08, 1, -8.26986906e-08, -0.996768832, -5.20762207e-08, 0.0803235695)
    end
end)

tab.newToggle("Toggle", "Toggle! (prints the state)", true, function(toggleState)
    if toggleState then
        game.Players.LocalPlayer.Character.HumanoidRootPart.CFrame = CFrame.new(886.902832, 441.591278, -614.124756, -0.284953594, 0.382803053, 0.878785133, -0.0149765331, 0.914904237, -0.403393, -0.95842433, -0.12810944, -0.25497219)
    else
        game.Players.LocalPlayer.Character.HumanoidRootPart.CFrame = CFrame.new(1006.85541, 422.999939, -167.857758, 0.0803235695, 8.71632793e-08, 0.996768832, -5.89092224e-08, 1, -8.26986906e-08, -0.996768832, -5.20762207e-08, 0.0803235695)
    end
end)

tab.newToggle("Toggle", "Toggle! (prints the state)", true, function(toggleState)
    if toggleState then
        game.Players.LocalPlayer.Character.HumanoidRootPart.CFrame = CFrame.new(779.393616, 434.616669, 88.5229645, -0.991609693, 0.00541804451, -0.129154354, -8.06866041e-08, 0.999121249, 0.0419139005, 0.129267946, 0.0415622406, -0.990738273)
    else
        game.Players.LocalPlayer.Character.HumanoidRootPart.CFrame = CFrame.new(1006.85541, 422.999939, -167.857758, 0.0803235695, 8.71632793e-08, 0.996768832, -5.89092224e-08, 1, -8.26986906e-08, -0.996768832, -5.20762207e-08, 0.0803235695)
    end
end)

tab.newToggle("Toggle", "Toggle! (prints the state)", true, function(toggleState)
    if toggleState then
        game.Players.LocalPlayer.Character.HumanoidRootPart.CFrame = CFrame.new(370.828705, 435.600861, 91.6516037, -0.183950678, 0.152164608, 0.971086025, -0.00575215602, 0.987761259, -0.155867159, -0.98291862, -0.0342577063, -0.180824086)
    else
        game.Players.LocalPlayer.Character.HumanoidRootPart.CFrame = CFrame.new(1006.85541, 422.999939, -167.857758, 0.0803235695, 8.71632793e-08, 0.996768832, -5.89092224e-08, 1, -8.26986906e-08, -0.996768832, -5.20762207e-08, 0.0803235695)
    end
end)

tab.newToggle("Toggle", "Toggle! (prints the state)", true, function(toggleState)
    if toggleState then
        game.Players.LocalPlayer.Character.HumanoidRootPart.CFrame = CFrame.new(828.955322, 435.324738, -458.143494, 0.0695316344, 0.0845171362, -0.993993044, -8.09723346e-08, 0.996404588, 0.0847221836, 0.997579753, -0.0058907913, 0.0692816451)
    else
        game.Players.LocalPlayer.Character.HumanoidRootPart.CFrame = CFrame.new(1006.85541, 422.999939, -167.857758, 0.0803235695, 8.71632793e-08, 0.996768832, -5.89092224e-08, 1, -8.26986906e-08, -0.996768832, -5.20762207e-08, 0.0803235695)
    end
end)
